21
61
50
82
44
98
38
45
41
36
24
46
61
76
56
82
63
44
72
54
49
11
78
76
0
53
5
78
22
0
9
26
51
87
34
32
79
35
16
3
44
54
10
67
68
84
67
72
51
36
85
68
91
53
32
57
67
49
65
40
51
53
86
0
68
93
78
86
35
42
99
67
27
19
35
79
84
35
61
80
30
30
15
69
99
81
77
80
75
35
4
58
4
38
32
31
9
84
63
23
14
32
83
64
14
1
14
6
12
76
70
1
20
69
89
73
50
29
39
88
57
1
72
74
61
21
39
93
1
18
51
96
53
100
76
49
6
71
22
77
36
83
58
65
10
13
99
9
4
40
72
79
79
79
63
10
3
96
70
18
5
64
4
16
68
19
27
50
70
43
33
97
75
12
54
11
75
22
60
79
77
70
77
6
6
16
95
7
12
69
5
62
57
52
56
75
45
14
31
12
8
22
45
29
79
91
8
64
75
43
2
73
94
93
58
37
64
50
25
75
41
23
78
54
35
76
93
70
44
95
9
76
14
90
6
30
78
61
31
7
73
58
61
24
84
33
6
8
67
40
68
76
7
14
63
40
40
30
18
23
11
72
81
59
57
16
23
26
25
80
68
73
26
61
50
13
71
27
10
66
62
22
44
54
7
50
93
46
42
22
65
89
43
40
14
32
99
25
41
44
92
97
44
18
30
17
35
100
75
50
98
0
17
4
63
68
2
82
99
88
10
58
19
66
93
69
14
99
90
75
75
14
94
19
42
65
14
27
79
57
51
6
65
44
83
76
82
95
71
26
10
45
39
38
57
45
25
25
11
7
91
58
36
69
45
62
72
36
46
18
63
23
90
10
81
82
36
23
24
43
31
46
6
87
57
19
35
64
52
79
11
63
3
35
88
37
65
79
47
90
21
12
39
17
9
78
76
69
64
97
70
0
23
93
2
11
33
29
20
49
6
1
8
2
66
28
59
73
12
84
27
9
70
72
3
16
97
31
61
56
64
15
13
98
99
100
78
78
66
40
38
51
77
11
34
11
89
98
49
77
47
13
19
29
1
74
17
92
0
48
11
92
80
60
25
63
39
80
82
63
36
98
2
51
6
88
4
98
89
79
28
21
81
86
53
21
83
18
97
35
54
63
49
98
92
27
39
33
83
73
11
31
9
12
21
65
49
24
89
35
59
22
29
40
90
65
85
10
43
33
80
23
83
77
4
84
76
48
92
88
72
58
98
63
2
31
88
64
63
51
55
80
84
80
37
6
82
88
68
80
10
40
89
93
60
14
31
46
43
35
76
72
12
53
62
66
99
46
48
69
95
33
13
9
71
46
28
89
28
28
26
83
57
67
14
22
58
33
22
91
93
86
44
79
96
16
88
83
93
79
53
49
29
71
6
68
74
51
82
92
45
99
82
7
91
9
86
3
89
69
47
21
40
50
9
45
54
25
62
75
89
5
90
57
34
40
87
79
100
40
74
7
80
75
100
11
29
68
65
72
21
41
99
78
55
32
77
15
50
1
56
3
93
20
60
91
35
36
84
18
30
72
7
18
43
2
18
78
31
47
97
62
99
25
76
37
9
73
80
22
68
72
85
91
83
10
100
68
20
25
24
31
9
40
23
45
76
64
50
73
24
19
80
65
69
83
96
73
76
7
89
87
2
11
38
4
57
30
96
26
6
97
37
33
96
45
17
9
100
38
50
28
34
27
64
35
12
32
33
34
61
77
8
47
18
28
89
97
16
95
96
37
70
27
12
97
19
84
42
78
37
15
81
95
80
73
65
32
9
99
85
94
59
35
94
46
73
17
1
68
87
97
82
7
39
43
14
86
16
96
70
88
48
92
11
42
32
83
32
87
10
15
2
38
74
87
50
92
9
35
93
40
50
17
15
26
51
89
52
5
83
97
53
20
58
44
49
73
70
3
19
25
18
37
84
70
60
82
19
0
48
73
58
95
17
29
67
46
3
39
25
74
14
90
2
59
88
99
71
14
99
94
24
26
97
29
22
12
67
76
46
68
80
46
74
94
2
77
56
28
100
12
5
36
69
77
70
82
32
77
21
93
11
77
2
63
96
6
92
59
1
15
34
52
89
53
44
91
43
1
80
95
99
53
93
67
75
7
12
22
33
94
38
12
100
73
23
12
35
59
26
33
95
56
21
32
85
56
53
55
21
36
40
43
19
59
98
90
66
31
60
58
50
4
52
58
9
16
56
94
76
41
50
16
84
65
31
97
25
16
57
27
97
42
41
40
11
74
74
8
